5 0.0
0.48
0.125
-0.24
-0.57
-0.915
7 -0.53
0.7
0.48
-0.05
0.305
-0.39
-0.57
-0.75
7 0.53
0.7
0.48
-0.05
-0.305
-0.39
-0.57
-0.75
6 0.425
0.7
0.48
-0.05
-0.39
-0.57
-0.915
5 -0.17
0.7
0.48
-0.39
-0.57
-0.915
5 0.17
0.7
0.48
-0.39
-0.57
-0.915
5 -0.24
0.7
0.48
-0.39
-0.57
-0.915
5 0.24
0.7
0.48
-0.39
-0.57
-0.915
6 -0.425
0.7
0.48
-0.05
-0.39
-0.57
-0.915
7 -0.88
0.7
0.48
0.305
-0.39
-0.57
-0.75
-0.915
7 0.88
0.7
0.48
0.305
-0.39
-0.57
-0.75
-0.915
2 -0.74
-0.57
-0.75
2 0.74
-0.57
-0.75
9 -0.32
0.7
0.48
0.305
0.125
-0.05
-0.24
-0.39
-0.57
-0.75
9 0.32
0.7
0.48
0.305
0.125
-0.05
-0.24
-0.39
-0.57
-0.75
8 -0.1
0.7
0.48
0.305
0.125
-0.39
-0.57
-0.75
-0.915
8 0.1
0.7
0.48
0.305
0.125
-0.39
-0.57
-0.75
-0.915
1 -0.12
-0.05
1 0.0
-0.05
1 0.12
-0.05
101 0.0