2 0.0
0 0.13
1 -0.57
7 -0.53
2 0.7
3 0.48
4 -0.05
5 0.305
6 -0.39
7 -0.57
8 -0.75
7 0.53
9 0.7
10 0.48
11 -0.05
12 0.305
13 -0.39
14 -0.57
15 -0.75
7 -0.88
16 0.7
17 0.48
18 0.305
19 -0.39
20 -0.57
21 -0.75
22 -0.915
7 0.88
23 0.7
24 0.48
25 0.305
26 -0.39
27 -0.57
28 -0.75
29 -0.915
2 -0.74
30 -0.57
31 -0.75
2 0.74
32 -0.57
33 -0.75
8 -0.32
34 0.48
35 0.305
36 0.125
37 -0.05
38 -0.24
39 -0.39
40 -0.57
41 -0.75
8 0.32
42 0.48
43 0.305
44 0.125
45 -0.05
46 -0.24
47 -0.39
48 -0.57
49 -0.75
8 -0.1
50 0.7
51 0.48
52 0.305
53 0.125
54 -0.39
55 -0.57
56 -0.75
57 -0.915
8 0.1
58 0.7
59 0.48
60 0.305
61 0.125
62 -0.39
63 -0.57
64 -0.75
65 -0.915
1 -0.12
66 -0.05
1 0.0
67 -0.05
1 0.12
68 -0.05
1 -0.999
69 -0.05
1 0.999
70 -0.05
101 0.0
0 2
63
55
1 2
61
53
2 3
3
16
50
3 4
2
17
4
34
4 3
5
3
18
5 4
4
6
37
70
6 4
5
19
7
39
7 3
6
40
8
8 2
7
31
9 3
10
58
23
10 4
9
11
42
24
11 3
10
12
25
12 4
11
13
45
69
13 4
12
14
47
26
14 3
13
15
48
15 2
14
33
16 2
17
2
17 3
16
18
3
18 2
17
4
19 2
20
6
20 2
19
30
21 2
22
31
22 2
21
57
23 2
24
9
24 3
23
25
10
25 2
24
11
26 2
27
13
27 2
26
32
28 2
29
33
29 2
28
65
30 2
31
20
31 3
30
21
8
32 2
33
27
33 3
32
28
15
34 3
35
3
51
35 2
24
52
36 2
37
53
37 3
36
38
5
38 3
37
39
46
39 3
38
54
6
40 3
41
7
55
41 2
40
56
42 3
43
53
10
43 2
42
60
44 2
45
61
45 3
44
46
12
46 3
45
47
38
47 3
46
62
13
48 3
49
63
14
49 2
48
64
50 2
51
2
51 3
50
54
34
52 2
53
35
53 3
52
1
36
54 2
55
39
55 3
54
40
63
56 2
57
41
57 3
56
22
65
58 2
59
9
59 3
58
42
51
60 2
61
43
61 3
60
44
53
62 2
63
47
63 3
62
55
48
64 2
65
49
65 3
64
57
29
66 1
67
67 2
66
68
68 1
66
69 2
70
12
70 2
69
5
102